Temperature (T)

36.9
36.9
37.1
36.7
36.7
36.6
37.2
37.0
36.8
36.9
36.9
37.0
36.1
37.0
36.9
37.2
36.7
36.6
36.1
36.5
36.8
36.8
36.8
37.0
36.9
37.0
37.2
37.2
36.6
36.1
37.0
36.6
36.9
36.9
37.1
36.8
36.8
37.0
37.0
36.9
36.7
36.1
36.1
36.2
36.5
37.0
36.7
36.8
37.0
36.8
37.0
36.8
37.0
37.0
36.8
36.5
36.7
36.8
36.7
36.6
37.1
36.8
37.1
36.8
37.0
36.2
37.1
37.0
36.8
36.7
37.1
37.2
36.7
37.0
36.8
37.1
37.0
36.6
37.1
37.2
36.9
37.1
36.9
36.6
36.6
36.8
37.0
37.1
37.1
36.7
36.9
36.6
36.6
36.6
37.0
36.8
36.6
36.8
36.6
36.5
